MAPPING: RIGHT

  /*block(0, 0, 6, 13, 125, 0, 0);
    block(0, 14, 6, 20, 125, 125, 0);
    block(0, 22, 3, 29, 125, 125, 125);
    block(4, 22, 10, 25, 0, 0, 125);     
    block(4, 26, 10, 29, 125, 125, 125);
    block(0, 30, 5, 36, 125, 125, 125);
    block(0, 38, 9, 44, 125, 0, 0);
    block(7, 0, 10, 8, 0, 0, 125);
    block(7, 10, 10, 21, 125, 0, 0);
    block(6, 30, 14, 37, 125, 125, 0);
    block(11, 0, 21, 6, 0, 0, 125);
    block(10, 38, 14, 44, 125, 125, 125);
    block(11, 7, 14, 21, 125, 0, 0);
    block(11, 22, 16, 29, 0, 0, 125);
    block(15, 7, 19, 14, 125, 125, 125);
    block(20, 7, 21, 16, 125, 0, 0);
    block(15, 15, 21, 21, 0, 0, 125);  
    block(17, 22, 21, 29, 125, 125, 0);  
    block(15, 30, 21, 44, 125, 125, 125);*/      

MAPPING: LEFT
    /*block(0, 1, 7, 15, 125, 0, 0);
    block(8, 1, 19, 15, 125, 125, 0);
    block(0, 17, 3, 26, 125, 125, 125);
    block(8, 10, 13, 21, 0, 0, 125);     
    block(0, 27, 3, 44, 125, 125, 125);
    block(8, 23, 13, 36, 125, 125, 125);
    block(4, 17, 7, 21, 125, 0, 0);
    block(8, 38, 12, 44, 0, 0, 125);
    block(4, 22, 7, 26, 125, 0, 0);
    block(14, 10, 17, 15, 125, 125, 0);
    block(4, 28, 7, 36, 0, 0, 125);
    block(14, 17, 17, 36, 125, 125, 125);
    block(4, 38, 7, 44, 125, 0, 0);
    block(13, 38, 17, 44, 0, 0, 125);
    block(18, 1, 21, 15, 125, 125, 125);
    block(18, 17, 21, 31, 125, 0, 0);
    block(18, 33, 21, 44, 125, 125, 0);
    */

MAPPING: BACK
/*
 block(0,0,9,4,125,0,0);
 block(0,6,9,14,125,125,125);
 block(0,15,4,26,0,0,125);
 block(5,15,9,22,125,125,0);
 
 block(5,23,9,26,125,125,125);
 block(0,28,9,31,0,0,125);
 block(0,32,9,35,125,0,0);
 block(0,37,3,44,125,125,0);

 block(4,37,12,44,125,0,0);
 block(10,0,14,4,125,125,0);
 block(10,6,15,26,0,0,125);
 block(10,28,12,35,125,125,125);

 block(13,28,15,38,0,0,150);
 block(13,40,19,44,0,0,150);
 block(15,0,19,4,150,150,150);
 block(16,6,19,19,150,0,0);

 block(16,21,19,33,150,150,150);
 block(16,36,19,38,150,0,0);
*/

MAPPING: FRONT (4x4 grid)
/*    
 block(0,2,4,11,125,0,0);
 block(0,13,4,23,125,125,125);
 block(0,24,4,34,0,0,125);
 block(0,36,4,45,125,125,0);
 
 block(5,2,9,11,125,125,125);
 block(5,13,9,23,0,0,125);
 block(5,24,9,34,125,0,0);
 block(5,36,9,45,125,125,0);

 block(10,2,14,11,125,0,0);
 block(10,13,14,23,125,125,0);
 block(10,24,14,34,0,0,125);
 block(10,36,14,45,125,125,125);

 block(15,2,19,11,0,0,150);
 block(15,13,19,23,0,0,150);
 block(15,24,19,34,150,150,150);
 block(15,36,19,45,150,0,0);
*/